[gd_scene format=3 uid="uid://dg15p5tq81mgs"]

[sub_resource type="BoxMesh" id="BoxMesh_wvck3"]
size = Vector3(0.8, 1.8, 0.8)

[sub_resource type="PhysicalSkyMaterial" id="PhysicalSkyMaterial_wvck3"]
rayleigh_color = Color(0, 0, 0, 1)
turbidity = 1.0

[sub_resource type="Sky" id="Sky_r0uic"]
sky_material = SubResource("PhysicalSkyMaterial_wvck3")

[sub_resource type="Environment" id="Environment_wvck3"]
background_mode = 2
sky = SubResource("Sky_r0uic")
fog_mode = 1
fog_density = 1.0
volumetric_fog_density = 0.0808

[node name="StumpInside" type="Node3D" unique_id=1477246382]

[node name="CSGCylinder3D" type="CSGCylinder3D" parent="." unique_id=402797520]
transform = Transform3D(1, 0, 0, 0, 1, 0, 0, 0, 1, 0, 0.31027174, 0)
radius = 30.0
height = 0.7003174
sides = 20

[node name="MeshInstance3D" type="MeshInstance3D" parent="." unique_id=2006546504]
transform = Transform3D(1, 0, 0, 0, 1, 0, 0, 0, 1, 0, 1.6439233, 26.592863)
mesh = SubResource("BoxMesh_wvck3")

[node name="CSGTorus3D" type="CSGTorus3D" parent="." unique_id=671373531]
transform = Transform3D(1, 0, 0, 0, 122.80898, 0, 0, 0, 1, 0, 48.687477, 0)
visible = false
inner_radius = 29.0
outer_radius = 30.0
sides = 20
ring_sides = 3
smooth_faces = false

[node name="CSGCylinder3D" type="CSGCylinder3D" parent="CSGTorus3D" unique_id=769734898]
transform = Transform3D(0.99999994, 0, 0, 0, 0.0081427265, 0, 0, 0, 0.99999994, 0, 0.23577908, 0)
radius = 30.0
height = 0.7003174
sides = 20

[node name="WorldEnvironment" type="WorldEnvironment" parent="." unique_id=802970863]
environment = SubResource("Environment_wvck3")

[node name="DirectionalLight3D" type="DirectionalLight3D" parent="." unique_id=1882964599]
transform = Transform3D(1, 0, 0, 0, -4.371139e-08, 1, 0, -1, -4.371139e-08, 0, 0, 0)
light_energy = 0.842
sky_mode = 2

[node name="SpotLight3D" type="SpotLight3D" parent="." unique_id=1059548977]
transform = Transform3D(-4.371139e-08, -0.86602545, 0.49999997, 0, 0.49999997, 0.86602545, -1, 3.7855173e-08, -2.1855692e-08, 21.880745, 16, 0)
light_color = Color(0.95686275, 0.8980392, 0.77254903, 1)
light_energy = 20.0
shadow_enabled = true
spot_range = 63.79171
spot_angle = 50.0

[node name="SpotLight3D4" type="SpotLight3D" parent="." unique_id=1604010128]
transform = Transform3D(-1, 7.5710346e-08, 4.3711392e-08, 0, -0.50000006, 0.8660254, 8.742278e-08, 0.8660254, 0.50000006, 0, 16, 22.332945)
light_color = Color(0.9577257, 0.89882946, 0.7712383, 1)
light_energy = 20.0
shadow_enabled = true
spot_range = 63.79171
spot_angle = 50.0

[node name="SpotLight3D2" type="SpotLight3D" parent="." unique_id=1887981970]
transform = Transform3D(-4.371139e-08, -0.8660254, -0.50000006, 0, -0.50000006, 0.8660254, -1, 3.7855173e-08, 2.1855696e-08, -21.791435, 16, 0)
light_color = Color(0.95686275, 0.8980392, 0.77254903, 1)
light_energy = 20.0
shadow_enabled = true
spot_range = 63.79171
spot_angle = 50.0

[node name="SpotLight3D3" type="SpotLight3D" parent="." unique_id=885137373]
transform = Transform3D(-1, 7.5710346e-08, -4.3711385e-08, 1.7763567e-15, 0.49999997, 0.86602545, 8.742278e-08, 0.86602545, -0.49999997, 0, 16, -21.743118)
light_color = Color(0.95686275, 0.8980392, 0.77254903, 1)
light_energy = 20.0
shadow_enabled = true
spot_range = 63.79171
spot_angle = 50.0

[node name="Camera3D" type="Camera3D" parent="." unique_id=544132453]
transform = Transform3D(1, 0, 0, 0, 1, 0, 0, 0, 1, 0, 1.6737585, 24.93904)
